32
1 0 0
0.7071 0 0.7071
0 0 1
-0.7071 0 0.7071
-1 0 0
-0.7071 0 -0.7071
0 0 -1
0.7071 0 -0.7071
1 2 0
0.7071 2 0.7071
0 2 1
-0.7071 2 0.7071
-1 2 0
-0.7071 2 -0.7071
0 2 -1
0.7071 2 -0.7071
0.5 0 0
0.3536 0 0.3536
0 0 0.5
-0.3536 0 0.3536
-0.5 0 0
-0.3536 0 -0.3536
0 0 -0.5
0.3536 0 -0.3536
0.5 2 0
0.3536 2 0.3536
0 2 0.5
-0.3536 2 0.3536
-0.5 2 0
-0.3536 2 -0.3536
0 2 -0.5
0.3536 2 -0.3536
48
0 1
1 2
2 3
3 4
4 5
5 6
6 7
7 0
8 9
9 10
10 11
11 12
12 13
13 14
14 15
15 8
0 8
1 9
2 10
3 11
4 12
5 13
6 14
7 15
16 17
17 18
18 19
19 20
20 21
21 22
22 23
23 16
24 25
25 26
26 27
27 28
28 29
29 30
30 31
31 24
16 24
17 25
18 26
19 27
20 28
21 29
22 30
23 31
16
8 0 1 2 3 4 5 6 7
8 8 9 10 11 12 13 14 15
4 0 1 9 8
4 1 2 10 9
4 2 3 11 10
4 3 4 12 11
4 4 5 13 12
4 5 6 14 13
4 6 7 15 14
4 7 0 8 15
8 16 17 18 19 20 21 22 23
8 24 25 26 27 28 29 30 31
4 16 17 25 24
4 17 18 26 25
4 18 19 27 26
4 19 20 28 27
4 20 21 29 28
4 21 22 30 29
4 22 23 31 30
4 23 16 24 31
